result: 
  avg_d = 3.20710678119
  max_d = 5.0
  rep_avg_d = 1.82514076994
  rep_max_d = 2.2360679775
  party-# = 2
